179.6 74.2 41.7 27.3 82.4 19 64 2 158 108 5.5 11.91
175.6 62.04 37.5 29.1 84.1 5.5 88 20 166 108 5.5 3.13
166.2 72.96 39.4 26.8 88.1 22 100 7 167 116 5.5 16.89
173.8 85.92 41.2 27.6 97.6 19.5 64 4 220 120 5.5 19.59
184.8 65.88 39.8 26.1 88.2 14.5 80 9 210 120 5.5 7.74
189.1 102.26 43.3 30.1 101.2 22 60 4 188 91 6 30.42
191.5 84.04 42.8 28.4 91 18 64 1 272 110 6 13.7
180.2 68.34 41.6 27.3 90.4 5.5 74 14 193 117 5.5 3.04
183.8 95.14 42.3 30.1 100.2 13.5 80 4 199 105 5.5 20.26
163.1 54.28 37.2 24.2 80.5 7 84 13 157 113 6 3.04
169.6 75.92 39.4 27.2 92 16.5 65 6 180 110 5 12.83
171.6 71.7 39.1 27 86.2 25.5 68 0 193 105 5.5 15.95
180 80.68 40.8 28.3 87.4 17.5 73 4 218 109 5 11.86
174.6 70.4 39.8 25.9 83.9 16.5 104 6 190 129 5 9.93
181.8 91.4 40.6 29.5 95.1 32 92 1 206 139 5 32.63
167.4 65.74 39.7 26.4 86 13 80 6 181 120 5.5 6.64
173 79.28 41.2 26.9 96.1 11.5 72 6 184 111 5.5 11.57
179.8 92.06 40 29.8 100.9 15 60 0 205 92 5 24.21
176.8 87.96 41.2 28.4 100.8 20.5 76 1 228 147 4 22.39
179.3 77.66 41.4 31.6 90.1 9.5 58 15 198 98 5.5 6.29
193.5 98.44 41.6 29.2 95.7 21 54 0 254 110 5.5 23.63
178.8 65.42 39.3 27.1 83 16.5 88 7 206 121 5.5 10.53
179.6 97.04 43.8 30.1 100.8 22 100 3 194 124 5 20.62
172.6 81.72 40.9 27.3 91.5 22 74 4 201 113 5.5 18.39
171.5 69.6 40.4 27.8 87.7 15.5 70 10 175 110 5.5 11.14
168.9 63.66 39.8 26.7 83.9 6 68 7 179 119 5.5 5.16
183.1 87.24 43.2 28.3 95.7 11 88 7 245 115 5.5 9.6
163.6 64.86 37.5 26.6 84 15.5 64 6 146 115 5 11.93
184.3 84.68 40.3 29 93.2 8.5 64 2 213 109 5.5 8.55
181 73.78 42.8 29.7 90.3 8.5 56 11 181 109 6 4.94
180.2 75.84 41.4 28.7 88.1 13.5 76 9 192 144 5.5 10.62
184.1 70.48 42 28.9 81.3 14 84 5 231 123 5.5 8.46
178.9 86.9 42.5 28.7 95 16 54 12 186 118 6 13.47
170 76.68 39.7 27.7 93.6 15 50 4 178 108 5.5 12.81
180.6 77.32 42.1 27.3 89.5 16 88 11 200 119 5.5 13.34
179 79.9 40.8 28.2 90.3 26.5 80 3 201 124 5.5 24.57
186.6 100.36 42.5 31.5 100.3 27 62 2 208 120 5.5 28.35
181.4 91.66 41.9 28.9 96.6 25.5 68 2 211 125 6 26.12
176.5 79 40.7 29.1 86.5 20.5 60 5 210 117 5.5 15.21
174 69.1 40.9 27 88.1 18 92 5 161 140 5 12.51
178.2 87.78 42.9 27.2 100.3 16.5 72 4 189 115 5.5 20.5
177.1 70.18 39.4 27.6 85.5 16 72 14 201 110 6 10.67
180 67.66 40.9 28.7 86.1 15 76 5 177 110 5.5 10.76
176.8 86.12 41.3 28.2 92.7 12.5 76 7 181 110 5.5 14.55
176.3 65 39 26 83.3 7 88 12 167 127 5.5 5.27
192.4 99.14 43.7 28.7 96.1 20.5 64 4 174 105 6 17.94
175.2 75.7 39.4 27.3 90.8 19 56 7 174 111 5.5 12.64
175.9 78.62 43.4 29.3 90.7 18 64 7 170 117 5.5 10.81
174.6 64.88 42.3 29.2 82.6 3.5 72 11 199 113 6 2.01
179 71 41.2 27.3 85.6 16 68 5 150 108 5.5 10
